k=6, d=3, n=72, m=24: 11 interior grid values, need 7; rank law says rank = min(7,7)
  330 possible root sets; trying 14
                      root indices   solve err   min|wt|  nullity        gap  verdict
           (1, 4, 6, 7, 9, 10, 11)    9.77e-15    0.1616       14   1.23e-03  CERTIFICATE
     weights = [ 3.019151  2.638427 -1.471437 -2.812721 -1.944665  0.504567  0.739549
 -0.666666 -2.940337  2.276884  1.848291  2.317592 -1.280937 -2.234682
 -3.123186]
           (2, 3, 5, 8, 9, 10, 11)    1.42e-14    0.1639       14   7.12e-04  
            (1, 2, 3, 4, 6, 7, 11)    2.09e-14    0.1341       14   2.49e-03  CERTIFICATE
     weights = [ 1.582164  3.043647 -1.152625 -2.102513 -2.264422 -0.503203 -0.510659
  2.165777  1.848891 -1.867387 -0.826184 -1.815918 -2.953918 -3.751235
  3.078339]
           (2, 4, 5, 6, 8, 10, 11)    7.73e-14    0.3910       14   8.11e-02  CERTIFICATE
     weights = [ 2.56568  -2.071751  1.944567 -1.145876  2.462506 -1.003291 -1.572066
 -2.332891 -1.497771  0.417615  1.624392  1.131848  1.572066 -2.332891
 -1.497772]
