k=6, d=3, n=60, m=20: 9 interior grid values, need 7; rank law says rank = min(7,7)
  36 possible root sets; trying 12
                      root indices   solve err   min|wt|  nullity        gap  verdict
             (2, 4, 5, 6, 7, 8, 9)    6.57e-14    0.1615       14   7.29e-04  
             (2, 3, 4, 5, 6, 8, 9)    3.55e-15    0.1761       14   1.42e-02  CERTIFICATE
     weights = [ 1.567788  1.559281  0.9757   -2.617352 -2.500766 -0.768366 -2.696163
  1.475525 -3.726909 -1.342211 -0.840794  1.753267 -4.362484 -0.348324
  2.303356]
             (1, 2, 3, 4, 5, 7, 8)    1.51e-14    0.1812       14   1.13e-02  CERTIFICATE
     weights = [ 1.972851 -0.816358  1.675105 -1.859467 -1.479178  1.891517  4.505807
  1.018761 -2.018193 -2.754814 -0.984129 -1.864108 -2.784742  3.235147
 -1.247312]
             (1, 2, 3, 4, 5, 6, 7)    3.73e-14    0.1350       14   5.31e-04  
