k=7, d=4, n=96, m=24: 11 interior grid values, need 8; rank law says rank = min(9,8)
  165 possible root sets; trying 10
                      root indices   solve err   min|wt|  nullity        gap  verdict
        (3, 5, 6, 7, 8, 9, 10, 11)    1.72e-13    0.1070       16   1.81e-04  
        (2, 3, 5, 6, 7, 9, 10, 11)    8.88e-15    0.1030       16   8.56e-03  CERTIFICATE
     weights = [-1.761267 -3.401696 -2.230841  1.851289 -1.022588  1.890421 -0.411903
 -2.54388  -0.998503 -2.304089 -1.905756 -1.728877  1.358625  1.774111
 -1.80698   0.434457 -2.276751 -1.796939 -4.000482 -1.736727]
        (3, 4, 5, 6, 7, 9, 10, 11)    2.62e-14    0.0851       16   7.60e-04  
        (2, 3, 4, 5, 6, 8, 10, 11)    3.55e-15    0.0591       16   4.33e-02  CERTIFICATE
     weights = [ 2.217706  3.011145  4.408288 -1.273488 -0.260528  2.500006 -1.548491
  2.187008 -2.676421 -3.683307 -3.556551  2.803227 -3.109069  0.19795
 -2.1275   -3.075942 -2.086445  0.30451   2.781612  3.085449]
        (1, 3, 4, 5, 6, 8, 10, 11)    8.11e-15    0.3274       16   1.60e-02  CERTIFICATE
     weights = [ 0.996986 -1.022694 -1.845373 -2.411623  2.921112 -1.188723  1.400301
 -1.971845  3.045271  1.640579  2.101437  1.643913  0.407094  1.741487
  0.807659 -0.335516 -1.45323   1.39153  -1.764603  0.386329]
