k=8, d=4, n=96, m=24: 11 interior grid values, need 9; rank law says rank = min(9,9)
  55 possible root sets; trying 10
                      root indices   solve err   min|wt|  nullity        gap  verdict
      (2, 3, 4, 5, 6, 7, 8, 9, 11)    3.11e-14    0.2599       18   1.25e-02  CERTIFICATE
     weights = [ 1.321934e+00  1.631358e+00 -2.249796e+00 -1.694562e+00  2.610674e+00
 -2.116351e+00 -2.584495e+00  2.331268e+00 -3.450761e+00  1.025090e+00
 -8.966853e-01  1.120089e+00  1.430434e+00  1.858677e+00  2.232421e-01
  9.660681e-01 -3.267848e-13  1.775508e+00  1.206997e+00  1.120089e+00]
      (1, 2, 3, 4, 5, 7, 8, 9, 11)    9.24e-14    0.1969       18   1.92e-03  CERTIFICATE
     weights = [ 6.221247e-01 -1.335772e+00 -1.851294e+00 -1.357192e+00 -2.532686e+00
  2.326125e+00  1.777487e+00  3.158874e+00 -1.390152e+00  2.744865e+00
 -9.897744e-01  1.451650e+00 -1.686867e+00 -1.182309e+00 -9.308762e-01
  4.182286e-01 -1.390152e+00  8.035710e-13 -1.714339e+00 -2.514332e+00]
     (1, 2, 3, 4, 6, 7, 9, 10, 11)    2.13e-14    0.3619       18   9.74e-03  CERTIFICATE
     weights = [ 1.045279e+00 -1.135355e+00 -1.922656e+00 -2.119344e+00 -1.535596e+00
  2.134750e+00  1.746991e+00  2.587557e+00 -1.807384e+00  2.888652e+00
 -1.183592e+00  1.553236e+00 -1.663684e+00 -1.244067e+00 -9.155401e-01
  4.844571e-01  1.807384e+00  4.170205e-14 -1.754512e+00 -2.690283e+00]
