     graph   Z       LP     gap   ratio  forts
------------------------------------------------
   P(10,2)   6    2.857   3.143   0.476     47
   P(12,2)   6    3.000   3.000   0.500    183
   P(11,3)   7    3.056   3.944   0.437     57
   P(12,3)   7    3.000   4.000   0.429     89
   P(14,3)   8    3.733   4.267   0.467     74
   P(16,3)   8    4.000   4.000   0.500    400
    P(9,4)   6    2.812   3.188   0.469     37
   P(12,4)   6    3.000   3.000   0.500     71
   P(16,4)   8    3.429   4.571   0.429     77
   P(18,4)  10    3.214   6.786   0.321     95
   P(11,5)   6    2.750   3.250   0.458     46
   P(17,5)  10    3.400   6.600   0.340    244
