=== k=6 (ceiling 2k+2=14) ===
  P(13,6) Z=6 witness=0 1 2 3 4 20    [0s]
  P(14,6) Z=8 witness=0 1 2 3 4 5 6 21    [0s]
  P(15,6) Z=9 witness=0 1 2 3 4 5 6 7 23    [0s]
  P(16,6) Z=9 witness=0 1 2 3 4 5 6 7 8    [0s]
  P(17,6) Z=8 witness=0 2 3 4 5 6 10 27    [0s]
  P(18,6) Z=9 witness=0 1 2 3 4 5 24 27 28    [1s]
  P(19,6) Z=8 witness=0 4 5 6 7 8 12 19    [0s]
  P(20,6) Z=10 witness=0 4 5 6 7 8 9 11 12 13    [2s]
  P(21,6) Z=12 witness=0 1 2 3 4 5 6 7 8 9 10 14    [69s]
  P(22,6) Z=12 witness=0 1 2 3 4 5 6 7 8 9 10 11    [104s]
  P(23,6) Z=10 witness=0 3 4 5 6 7 9 10 17 23    [4s]
  P(24,6) Z=12 witness=0 1 2 3 4 5 6 7 8 9 10 11    [249s]
  P(25,6) Z=10 witness=0 4 5 6 7 8 10 12 19 25    [9s]
  P(26,6) Z=12 witness=0 1 2 3 4 5 6 7 8 9 10 11    [459s]
  P(27,6) Z=13 witness=0 1 2 3 4 5 6 7 8 9 10 11 12    [3839s]
  P(28,6) Z=14 witness=0 1 2 3 4 5 6 7 8 9 10 11 12 13    [51222s]
  P(29,6) Z=12 witness=0 8 9 10 11 12 14 15 16 17 21 26    [2355s]
     [69938s]
=== k=4 extension ===
  P(29,4) Z=10 witness=0 1 2 3 4 5 6 7 8 9    [205s]
  P(30,4) Z=10 witness=0 1 2 3 4 5 6 7 8 9    [258s]
  P(31,4) Z=10 witness=0 1 2 3 4 5 6 7 8 9    [208s]
  P(32,4) Z=10 witness=0 1 2 3 4 5 6 7 8 9    [216s]
  P(33,4) Z=10 witness=0 1 2 3 4 5 6 7 8 9    [260s]
  P(34,4) Z=10 witness=0 1 2 3 4 5 6 7 8 9    [350s]
  P(35,4) Z=10 witness=0 1 2 3 4 5 6 7 8 9    [418s]
  P(36,4) Z=10 witness=0 1 2 3 4 5 6 7 8 9    [415s]
