k = 4   nullity target 10   tile lengths 31..61
  a tile of length l has 5(l - 10) free weights against 100 equations
    l  unknowns   max|T - I|   min|edge|/scale   verdict
    31       105     8.33e-02            0.1270   no
    32       110     6.20e-07            0.1500   no
    33       115     3.81e-02            0.1256   no
    34       120     2.49e-14            0.1500   IDENTITY TILE
    35       125     8.36e-03            0.1492   no
    36       130     3.09e-13            0.1500   IDENTITY TILE
    37       135     1.85e-13            0.1500   IDE    38         38       140     1.31e-01            0.0345   no
    39       145     3.18e-14            0.1500   IDENTITY TILE
    40       150     8.88e-14            0.1500   IDENTITY TILE
    41       155     1.36e-13            0    42       160     1    42       160     1.71e-13            0.1500   IDENTITY TILE
    43       165     1.71e-13            0.1500   IDENTITY TILE
    44       170     5.33e-14            0    45       175     9    45       175     9.24e-14            0.1500   IDENTITY TILE
    46       180     1.81e-13            0    47       185     3.63e-01            0.1132   no
    48       190     3.93e-13        48       190     3.93e-13            0.1500   IDENTITY TILE
    49       195     3.29e-14            0.1501   IDENTITY TILE
    50       200     4.35e-14      51       205     2.07e-13        51       205     3.94e-02      52       210     4    52       210     4.09e-13            0    53       215     2.64e-12            0.1500   IDENTITY TILE
    54       220     4.66e-13            0.1500   IDENTITY TILE
    55       225     1.08e-13            0.1500   IDENTITY TILE
    56       230     1    56       230     1.24e-13            0    57       235     4    57       235     4.09e-13            0    58       240     2    58       240     2.32e-13            0.1500   IDENTITY TILE
    59       245     6.15e-13            0.1500   IDENTITY TILE
    60       250     1.57e-13            0.1500   IDENTITY TILE
    61       255     2.60e-13            0.1500   IDENTITY TILE

identity tiles found for l = [34, 36, 37, 39, 40, 41, 42, 43, 44, 45, 46, 47, 48, 49, 50, 52, 53, 54, 55, 56, 57, 58, 59, 60, 61]

end-to-end test: build P(n,k) from tilings and check the nullity
     n   tiling            nullity   next sv/scale   min|edge|/scale
    34   (34,)                  10          0.1846            0.1500   OK
    36   (36,)                  10          0.1578            0.1500   OK
    37   (37,)                  10          0.1267            0.1500   OK
    39   (39,)                  10          0.1256            0.1500   OK
    40   (40,)                  10          0.0915            0.1500   OK
    41   (41,)                  10          0.1186            0.1500   OK
    42   (42,)                  10          0.1333            0.1500   OK
    43   (43,)                  10          0.1284            0.1500   OK
    44   (44,)                  10          0.1279            0.1501   OK
    45   (45,)                  10          0.0960            0.1500   OK
    46   (46,)                  10          0.0856            0.1500   OK
    47   (47,)                  10          0.1144            0.1500   OK
    48   (48,)                  10          0.1161            0.1500   OK
    49   (49,)                  10          0.1031            0.1501   OK
    50   (50,)                  10          0.1206            0.1500   OK
    52   (52,)                  10          0.0869            0.1500   OK
    53   (53,)                  10          0.0803            0.1500   OK
    54   (54,)                  10          0.1009            0.1500   OK
    55   (55,)                  10          0.1278            0.1500   OK
    56   (56,)                  10          0.1356            0.1500   OK
    57   (57,)                  10          0.0728            0.1522   OK
    58   (58,)                  10          0.0818            0.1500   OK
    59   (59,)                  10          0.0543            0.1500   OK
    60   (60,)                  10          0.0683            0.1500   OK
    61   (61,)                  10          0.0810            0.1500   OK
    68   (34, 34)               10          0.0090            0.1500   OK
    70   (34, 36)               10          0.0198            0.1326   OK
    71   (34, 37)               10          0.0188            0.1064   OK
    72   (36, 36)               10          0.0024            0.1500   OK
    73   (34, 39)               10          0.0186            0.1143   OK
    74   (34, 40)               10          0.0130            0.1015   OK
    75   (34, 41)               10          0.0153            0.1336   OK
    76   (34, 42)               10          0.0103            0.1144   OK
    77   (34, 43)               10          0.0136            0.1196   OK
    78   (34, 44)               10          0.0144            0.1247   OK
    79   (34, 45)               10          0.0141            0.0953   OK
    80   (34, 46)               10          0.0095            0.1004   OK
    81   (34, 47)               10          0.0142            0.1244   OK
    82   (34, 48)               10          0.0109            0.1114   OK
    83   (34, 49)               10          0.0091            0.1060   OK
    84   (34, 50)               10          0.0099            0.1181   OK
