k = 3   nullity target 8   tile lengths 22..43
  a tile of length l has 5(l - 8) free weights against 64 equations
    l  unknowns   max|T - I|   min|edge|/scale   verdict
    22        70     6.66e-15            0.1500   IDENTITY TILE
    23        75     2.49e-14            0.1500   IDENTITY TILE
    24        80     9.33e-14            0.1500   IDENTITY TILE
    25        85     2.36e-02            0.0742   no
    26        90     1.95e-14            0.1500   IDENTITY TILE
    27        95     9.59e-14            0.1500   IDENTITY TILE
    28       100     2.26e-13            0.1500   IDENTITY TILE
    29       105     5.20e-14            0.1500   IDENTITY TILE
    30       110     3.26e-14            0.1500   IDENTITY TILE
    31       115     5.18e-14            0.1500   IDENTITY TILE
    32       120     2.44e-14            0.1500   IDENTITY TILE
    33       125     3.03e-14            0.1500   IDENTITY TILE
    34       130     3.24e-14            0.1500   IDENTITY TILE
    35       135     1.98e-13            0.1500   IDENTITY TILE
    36       140     2.48e-13            0.1500   IDENTITY TILE
    37       145     1.26e-13            0.1500   IDENTITY TILE
    38       150     3.52e-14            0.1502   IDENTITY TILE
    39       155     8.53e-14            0.1500   IDENTITY TILE
    40       160     2.23e-13            0.1500   IDENTITY TILE
    41       165     5.24e-14            0.1500   IDENTITY TILE
    42       170     3.90e-13            0.1500   IDENTITY TILE
    43       175     1.05e-13            0.1500   IDENTITY TILE

identity tiles found for l = [22, 23, 24, 26, 27, 28, 29, 30, 31, 32, 33, 34, 35, 36, 37, 38, 39, 40, 41, 42, 43]

end-to-end test: build P(n,k) from tilings and check the nullity
     n   tiling            nullity   next sv/scale   min|edge|/scale
    22   (22,)                   8          0.2368            0.1500   OK
    23   (23,)                   8          0.2076            0.1500   OK
    24   (24,)                   8          0.1759            0.1500   OK
    26   (26,)                   8          0.1891            0.1500   OK
    27   (27,)                   8          0.1833            0.1500   OK
    28   (28,)                   8          0.1755            0.1500   OK
    29   (29,)                   8          0.2029            0.1500   OK
    30   (30,)                   8          0.1464            0.1500   OK
    31   (31,)                   8          0.1450            0.1500   OK
    32   (32,)                   8          0.1130            0.1500   OK
    33   (33,)                   8          0.1127            0.1500   OK
    34   (34,)                   8          0.1577            0.1500   OK
    35   (35,)                   8          0.1404            0.1500   OK
    36   (36,)                   8          0.1046            0.1500   OK
    37   (37,)                   8          0.1054            0.1500   OK
    38   (38,)                   8          0.1313            0.1502   OK
    39   (39,)                   8          0.1383            0.1500   OK
    40   (40,)                   8          0.1338            0.1500   OK
    41   (41,)                   8          0.1457            0.1500   OK
    42   (42,)                   8          0.1252            0.1500   OK
    43   (43,)                   8          0.0640            0.1500   OK
    44   (22, 22)                8          0.0220            0.1500   OK
    45   (22, 23)                8          0.0200            0.1121   OK
    46   (22, 24)                8          0.0199            0.0824   OK
    47   (23, 24)                8          0.0166            0.1103   OK
    48   (22, 26)                8          0.0207            0.1309   OK
    49   (22, 27)                8          0.0230            0.1046   OK
    50   (22, 28)                8          0.0236            0.1199   OK
    51   (22, 29)                8          0.0204            0.1309   OK
    52   (22, 30)                8          0.0208            0.1057   OK
    53   (22, 31)                8          0.0232            0.1042   OK
    54   (22, 32)                8          0.0246            0.1175   OK
    55   (22, 33)                8          0.0251            0.1435   OK
    56   (22, 34)                8          0.0275            0.1451   OK
    57   (22, 35)                8          0.0265            0.1346   OK
    58   (22, 36)                8          0.0103            0.0732   OK
    59   (22, 37)                8          0.0195            0.1404   OK
    60   (22, 38)                8          0.0175            0.1173   OK
    61   (22, 39)                8          0.0164            0.1117   OK
    62   (22, 40)                8          0.0194            0.1317   OK
    63   (22, 41)                8          0.0143            0.1178   OK
